Model   Val_Acc     Val_Loss Train_Acc Train_Loss
1       0.9612       0.1168   0.9884     0.0278
2       0.9584       0.1270   0.9752     0.0715
3       0.9621       0.2450   0.9988     0.032
4       0.9598       0.1248   0.9874     0.04
5       0.9607       0.1412   0.9943     0.0179
6       0.9607       0.1285   0.9953     0.0134
7       0.9593       0.2060   0.9948     0.0248
8       0.9570       0.2386   0.9967     0.093
9       0.9607       0.2023   0.9964     0.0155
10      0.9612       0.1111   0.9631     0.0968

Final Model 3 with result
Train_Acc Train_Loss Test_Acc Test_Loss 
0.9931      0.0209    0.9593     0.1334
